1.51116422
1.511473842
1.511267413
1.511267413
1.51116422
1.51188687
1.510854724
1.510854724
1.510751587
1.509926997
1.508794655
1.507253286
1.505817514
1.502138057
1.498273644
1.491407777
1.480928801
1.466600398
1.444299419
1.413218391
1.370170877
1.313256587
1.242686282
1.161915262
1.078351118
1
0.93328554
0.880905943
0.841899038
0.814538093
0.795821497
0.783204162
0.775112076
0.76945275
0.766202742
0.763849101
0.762375555
0.761981821
0.761405078
0.761378883
0.761247936
